$ANSIBLE_VAULT;1.1;AES256
66613565333537616337613337626539623034636338656531626635343136616265343634626163
6138613338363932626231353531373034333737373833630a383738343761333439353266333663
35306635343139623265663764616662306664623866303732613764383232633532653136366339
3232336232616463380a656466366162653535326366613438333030316536643763306136633232
34376365323034653730316137333264643932353038633365383434666333343139323231623431
31316663393735323430366664663834616464626134323563333634643632613237626638363364
65366439656630323132663065336662613037383531326464613835393537633334353564386365
30306539326436666534336665333738653632306637396431313336313966636561346566356238
33313535366466363662366435316237313464646133396161616266396338613934633963666237
34333465613165663365613331343064613139613235643131343331663465313030313166393238
39363333373964633932363162386633623163373837646131633965373032363436623633653064
63366464313737353063393531663331386466386161346365363930336139346139336265613461
63653735383038343633383665356534623466643462623433306566383139333933343035333861
66643035383534373365616539613336653166653834613737316635373366643161363134633963
37616236353937636463366232333535616538633837383962313938333539636139643466303437
31353530656564666435383536366432626230343639363237336231386633333831643438386532
65386237323430306131396138346264616230613539383036666230343464333030663363396433
63373965646238336230383364373032623937633639343566336466626438643964633861356564
64623239396165623861353038646530653164636234366261313361373932636532353761633737
66346334353363393739626536343035373666333930643930353833616262353938336633353863
66643234633566303534646164623639663531373664643339366166396632623835616237343737
30306639303335333466376638333563623236303738643037386639383636396339303364353463
31646661303364333465303463303538326535393635343036336437333231323263643838666239
34386266626335333765653764653362623832613661306561346161663733633639333963393064
33633564356430653037336166643265303362373135323233616436353834343938
